16
44
22
23
19
23
26
34
61
36
28
56
47
70
59
23
63
52
56
76
28
40
24
33
76
37
40
37
80
31
50
68
67
60
38
68
75
70
48
42
69
48
52
25
62
70
41
63
16
44
15
43
33
35
30
54
39
58
36
71
26
76
29
79
21
53
26
44
68
15
19
18
49
27
20
39
31
62
35
24
21
65
17
28
59
33
73
56
49
60
18
23
55
77
17
15
27
66
25
23
15
40
52
51
75
63
56
18
54
40
32
72
59
70
15
17
25
76
76
39
76
47
41
41
25
28
71
25
58
42
48
15
58
49
37
57
56
55
34
75
64
52
67
58
60
65
22
35
47
19
17
24
51
52
24
25
62
19
34
36
52
69
21
62
35
62
17
38
48
25
72
18
18
22
77
44
44
80
75
55
50
46
18
43
45
56
70
32
18
37
73
53
25
38
60
16
76
68
31
36
61
21
71
38
50
62
74
79
59
78
62
78
65
64
73
68
47
63
67
48
67
17
29
36
38
64
77
16
75
38
15
19
28
37
74
63
61
69
18
16
77
39
55
25
49
80
28
38
20
24
51
50
55
62
49
38
55
40
40
59
63
16
34
79
66
23
40
42
63
78
76
53
80
55
47
57
52
17
67
52
17
48
50
35
28
56
61
63
21
69
68
32
22
57
30
32
56
61
65
61
22
35
58
77
53
25
60
44
63
16
31
67
30
30
63
65
16
74
15
47
80
31
53
61
67
60
36
43
34
19
73
32
44
33
29
18
30
28
66
80
15
26
60
39
21
52
19
67
50
36
15
74
39
15
35
43
54
51
21
74
17
46
25
55
48
54
30
79
73
49
25
32
79
15
18
22
37
56
57
52
65
73
72
25
65
68
26
36
69
68
58
76
48
57
27
43
74
33
53
76
76
53
35
34
69
38
45
28
61
34
71
16
53
16
58
27
19
70
79
44
27
64
41
36
59
19
42
68
25
33
56
78
52
17
19
65
33
29
23
75
69
60
15
25
25
32
78
41
35
32
53
43
27
22
66
65
66
69
43
60
33
72
55
39
19
72
48
21
52
19
46
35
50
58
68
80
63
54
28
66
57
22
29
58
36
49
21
17
74
66
55
32
44
43
64
74
22
49
28
50
27
48
26
25
62
15
66
22
49
15
40
27
16
48
57
23
52
58
61
23
71
17
34
74
80
64
53
57
66
63
18
35
40
38
34
15
38
67
77
18
51
32
25
48
75
39
70
54
16
49
31
20
33
66
34
37
61
46
60
51
63
41
75
55
21
27
27
17
43
80
79
31
21
20
22
17
46
62
62
39
56
26
80
68
42
75
75
70
37
48
72
52
50
50
25
62
44
40
68
38
15
70
36
36
78
20
23
77
56
28
39
28
55
35
69
78
34
55
45
64
15
40
55
20
36
40
36
29
35
65
40
34
69
49
17
30
69
79
40
30
43
52
15
26
22
15
49
25
73
76
63
35
79
19
80
44
36
48
46
38
20
54
19
67
64
23
62
41
61
69
65
56
35
39
45
35
51
50
47
29
62
16
33
48
48
78
55
73
37
26
77
61
41
64
76
66
59
47
76
61
72
24
75
22
43
22
74
73
18
40
52
72
17
66
61
63
38
67
53
25
73
69
69
62
50
71
54
53
31
19
64
73
78
23
41
37
24
47
79
48
27
27
63
80
62
72
45
64
71
78
25
23
53
57
29
67
33
72
60
36
49
16
70
21
49
57
15
40
35
80
73
35
77
59
29
69
23
80
50
22
40
53
34
57
21
16
35
33
42
43
15
80
30
44
25
33
63
42
62
46
74
17
30
27
60
62
15
39
78
52
58
39
30
59
43
34
54
29
37
21
67
76
70
32
25
78
42
57
65
64
69
30
65
64
28
40
24
33
66
63
44
20
16
19
77
48
44
59
29
50
30
17
47
39
74
77
64
42
73
47
66
46
55
25
31
75
59
44
55
54
78
72
76
45
15
21
46
29
57
31
53
23
41
37
17
72
49
61
41
59
29
28
57
60
24
15
66
57
27
24
63
19
17
48
44
21
29
15
26
29
38
71
63
77
26
24
51
79
34
21
38
52
56
29
46
23
70
61
54
50
63
55
47
24
43
35
45
71
62
49
67
41
45
66
50
37
24
78
26
78
70
22
59
50
15
72
75
63
46
42
47
44
33
48
28
47
80
22
57
48
76
42
27
36
74
66
37
16
22
21
45
30
77
66
23
22
55
47
46
46
57
29
64
64
55
63
42
44
23
45
