15332362885
15977786292
14969940986
17342187495
18623567012
13240749762
18479702271
15821209187
14996616143
14752340245
17371175600
13054701856
13574048306
13410167207
15620260668
13199048760
13830063279
13289766049
17213985428
17269553036
14754996908
14910641275
15727150095
17125874639
18290552605
18673481878
14922224894
13331958518
15144560842
18640618058
13573401541
14969604643
17629555506
17711430856
14554365760
17017403278
14723911080
15835690634
13531252152
17570196615
17014457405
18871972371
13059656389
17699777358
13266618248
14979487934
13561756728
18519983448
17772981065
17567336033
18825424103
14717241695
13435722016
13228913917
14766279671
17735950218
15047220315
18511529407
13572977695
15343194345
18092593273
15199328357
14761245315
18559947951
13847052561
14776889991
13619518086
14993930077
15282971503
18444148599
18183020788
15933088979
15579176548
13478132805
18261766484
18053496083
13596135466
13852237553
13482025871
18468336297
18735980152
18221486922
18999883581
15945523741
17676888000
17385986333
18593999533
14912464884
18951063956
15997723415
17338059425
17340676142
17235724295
14727930161
15745079196
18444588665
17550110856
15086093962
13185355140
17835403188
18970137835
15239291137
17278019776
13314069319
14599397291
14796965451
18013229271
17535559478
15063959382
18511070065
18332826925
15750592442
17787848442
15396657500
18945061829
13355870831
13488547941
15635662070
14590754560
13831426640
17157643542
13125837615
18555899443
17826519205
15235665333
18029585310
18788962693
15548844413
17686491056
18048502991
15648591182
14912252444
18419710517
15187498593
18989070568
14750807381
14755603822
17260842733
15376763177
17817581531
13762429800
17071859080
15982605609
14769986733
15118229452
17317523458
13563616243
13694371517
17212183565
15697069990
14565167682
14525722142
13176245468
17739592394
18088001086
13293630831
13277521844
13253937490
13750468250
18994511347
17378491320
15387872265
18673614934
13733232045
14559485772
17282722599
17045590544
18793297051
14534423285
18528481025
14729235609
17814156693
15854849326
18311402341
17784343001
14565634948
15237349310
17814828911
15928515371
15731570341
15751557395
17210941746
18083728658
17577466672
15515018488
15927986825
14759247057
17146074215
18511248973
14959953392
13256577210
15152976629
13851294421
13199069572
17795494355
14787268497
17522827147
18289001667
15935270805
13015151171
15170705147
18312804222
14742146344
14983957631
17635769575
18549407770
17670403803
18195137352
18018536682
17669552826
15265931297
17225589459
15287218890
17059630615
14763139012
17520939566
13631322730
17255571943
15990247196
18229744894
18731675597
18558368267
14799338082
18425323448
17318157481
14569800321
14795041728
14715595976
18458865853
18650792227
13785646155
15735043281
17699765115
14731341826
18177676256
13734602895
13957918803
17284334364
18867691001
17619424030
18354043825
18553014417
18475607069
18593685170
18897766305
14986953846
17229394495
18277315411
18374109260
17653624469
18061317682
13367141145
15816715447
13242502735
13824859520
17094825396
13160486200
14572518677
13082388611
14997318284
18277875032
13080448504
18277731397
14771948203
17144909344
17689430786
15337909176
13183008650
18374364402
18392345958
18375837253
15814218944
13133803440
17185657637
17090065035
13436036839
14752724713
13920951210
14724956209
13853472209
13876807079
15041487100
14559598530
14989633659
17811947204
18966041613
18618056495
17338093974
17086110043
18927434430
14727860010
18963375721
14763706183
13124087042
15741068700
14516796244
13561062401
17769129188
14593474189
15511507914
15733124455
17792022440
14519729006
15693632496
14753531164
14554213051
18140910553
18235566349
13417890200
13169026457
13612346993
14531074190
14956788606
13948011981
18732866608
14977214282
14563419566
18391761834
17125410927
14948004619
18923738878
17064341851
17269050344
15945560338
13239677833
15580045970
13340565068
15280295918
17133634281
18242380374
13239312967
14968792068
13736955012
18758987146
14553297526
15593700716
14715957190
15376203837
14750347802
14974929422
17594456922
17621185873
15636738992
18678756280
17172529403
13870926935
13765645454
18399906407
15967100086
13518759741
14920075986
18978250335
14555353982
13362783646
18137533081
13578402820
18125048099
14791490670
14964427139
18243708354
17113548222
15046433162
18079141110
15861554563
14546739228
13563472403
14723183398
14517639453
17788786204
13522394192
13348984248
18125381829
15934841027
18039087685
15639821922
14724619890
18631714161
13961670603
15964917742
15152882089
13086485877
14925036774
13028320909
14583976051
18791564226
15980706313
15053879860
13035012399
15278131142
17280743469
17887130863
13540106483
18213987287
13080917904
14736716447
14912480600
18521304363
13760068238
18581315775
14796270223
15048593274
18931054692
18565175757
14733287492
14951325262
18038885888
18211946356
17064270385
14770764850
17656411425
18496496314
18138895407
15924136966
15740653031
14987212963
14792788261
18375379064
17141810826
18651582257
17676119409
18634665912
17878886532
13459218798
14790439817
13840346678
18490477704
13718837410
17056011875
13021255838
17674485300
13438551022
14728119286
13522850560
18987297704
18323959232
17734463215
14952000338
18610211553
18698237256
14982483294
18188978312
17758806044
13732150285
13255960066
14996747158
17872229609
18332684791
17098121444
18194278657
15019723384
17071763403
17270831130
17098661363
14725378050
14956018937
18727940388
18030402281
14949070629
15583722348
18874443405
14738421243
15221541088
18934420743
15551828808
15378188551
13373691411
17361580676
18816196181
18649996022
17285650059
14585646974
13726695553
15068911960
13519288818
18155443809
14560865339
15982860342
14946177935
18480288329
17053138287
13587719838
18445616838
14530522462
15862574799
18645264555
18382975846
14915309251
13829400799
13576975595
13920676900
14979447393
17789742597
17860440079
14778661092
13079546172
14563569099
14976552650
13519661873
17763261735
13740784641
15984529785
17233152219
17729321664
14924691978
15374859480
18149868086
18276583307
13574979184
13582733519
13235625670
18214654564
18534119717
13374902679
15083029035
13761090535
15286668127
18396559230
13545253144
13785632354
17154847954
13867313345
17352080056
14794467561
15252060658
14950990763
14587025906
17670227068
14959251656
15092456335
15951217171
13789530287
15089899784
13839129834
15865469722
13665503103
15894621186
15525296717
18561444817
17174168515
14949747137
17025030369
17598652311
15018826601
14919768507
13336840421
15144525170
15994397790
18261518861
15195854684
14951919746
13767218698
14790423099
14749531245
15177965569
17734536620
17765632502
15613649036
17620572559
14979552061
15692972078
17279843877
13913940615
14536027361
15518771327
13022857042
14539819919
14935989032
15093393227
13550310621
18828991279
13526885695
17037031760
15916110463
17261883725
14968878565
17010996625
14761638627
13510665414
13721203300
14914525403
17584011667
13166698684
17821932637
18260760031
18987323651
13277940564
14930740600
17317743796
13789572420
14913684107
18210781716
18551794109
15244605035
18554815647
14538250225
17821860722
15181339932
13711338124
14533803106
17735873396
13626967130
15155990339
15881086158
15215526432
18219835753
18465210842
14944660622
15224561141
18418829563
14563524155
15511105106
15625141356
18097285653
17042417642
17214273106
18339801365
17534010685
13128891980
18177921404
13091382127
14551776530
17882916736
17682001794
15138369802
18749362594
17014633958
13769069815
13592442997
13275274809
17130519644
18640960857
15667470938
15897035377
13527722125
14960124818
17829728714
15758196905
13434650206
17158475259
18829104010
17860595373
15193572286
13931162398
13369787146
15299486119
14529464202
18329876234
13042754335
17598264249
13135717865
14792874781
13745136688
14926473852
18678716731
18282800199
17098611610
15881884099
15946621045
17017171625
18332353759
18740992994
14532216857
18869008127
15969662661
17244579166
13775464720
17363769271
15788965750
13338865021
17071765884
13579347092
18275701015
13614246634
13047253477
13186579349
18743712085
17681811924
14589337430
14976788033
17750818956
15386310161
15071048673
15197622085
18169577452
18583103255
13895619900
14539625078
15538034767
13440241708
13953286842
14557653016
14921841794
14960493626
17636017369
18579459463
15546321652
13157017808
17767928954
18985596215
14932287293
17819468804
13318857511
13344803091
13472501963
17596396735
18554220517
17292427121
14912309400
15784547653
13219778267
13511819900
15042327101
14911803888
13224233422
13129789798
18024368601
15370973600
13262574751
13512295242
13168418288
18865280315
17311576644
14554923999
17895898621
14511184055
17327056734
15131438259
13117247323
15716028889
13830351926
13371939712
17585325516
15251355281
14514099723
14563663401
18160985372
13179343881
15044821656
14520569950
13016272660
15188535575
13593840595
15678044734
18231974501
13773225143
15362221117
17298870390
14787386938
15078168038
14597529835
17573814377
13981885008
15570442234
15051447020
18117272050
14562037945
17330766628
15078003461
18543661393
13863765625
18627990294
14544711634
17094504011
17050205854
18423348870
14567255274
18522165544
13834653453
17223806365
18030913940
18361268579
14733908053
14748602047
13156615198
18278531169
15178086355
17035281418
14942293186
15915115924
13111888014
18620213578
15398313888
15528096954
17273714160
17559587807
15375919113
14569965467
13074933507
17128791554
14796798464
18649260514
17840278188
14763142054
13240686018
17333487825
13937181788
15012983323
17617066147
15263490115
15510951978
18512675090
18890345518
17050470087
14554055645
17892329194
17094141063
17098673199
15389822786
14733930815
18114346300
13740230518
17570301209
18971965091
14917366815
15915269021
18760353624
17781259369
17892691433
15766899316
18330259048
18729592975
17736291586
14767381368
17112560085
13158449076
15856202675
15110646024
15516606281
15166256982
13728006401
15326009402
18047106504
17786074043
15329764672
17172068408
17782471010
18675801071
17878711965
15148127472
15749605412
14559887706
17033011479
17623111615
17021930924
15324341992
15074604815
15162616223
13161501227
13950991331
14597916342
14944956886
17353125735
15757640506
14732718327
13353365139
18819827206
13826812535
13738038319
14740725873
17277766475
18140262422
18523888451
13763889191
17163034067
13211136147
13259647776
15687113910
13413250542
15125970551
14589736390
18222673944
17775769050
18391917921
17522857702
15524157462
18230080033
14947355988
14769872406
13098520165
17136776630
15122662065
15823332285
14999031168
18074077852
17756588368
13544958099
13415853646
15679659617
14983142721
15544201964
14534717543
15739328100
14578868843
17665954139
13368801191
17225562903
17227037634
14911945524
13935749693
17123377207
14917050313
13715872617
18843592470
13939377606
14546312288
13789962130
15193701954
17145138618
17753159543
14991093233
18667490601
18823229958
15324121520
18551403832
15946379020
18762881800
14598877607
18589894640
18779957683
17562258429
13890997207
13352152509
18332279439
13482821986
17592712422
17278694310
14552956575
15896987851
14985719880
15039307156
13077318445
17856566259
15242644291
17595246343
15581046660
14564768972
15025750518
18825113277
17729299547
14933930769
13928121909
17198915558
14943095142
17730218157
13463229142
13591320523
14794208511
14785120200
13056880452
18055639063
18628573302
17685030731
14912034817
13063671020
14744394940
18668396595
18270867948
14568761655
17363563270
17297872015
17263407403
13641017841
18984325775
15887322568
13468395197
17817933714
17015694741
17039521029
17841578067
14960222286
17667030935
17614623871
17698217182
18122442889
14732733242
13145172160
14588200140
17564863352
18696055320
18322178245
18719183788
14550810952
14592255434
13712943388
14734997839
14988487068
17891872304
14918532110
17119679446
14929544427
14577678508
18436106852
13517794956
13855623734
17317223226
15069753752
15592295403
13968395711
17698707345
14576027248